input
8 8 8 8 8 8 8 8 8 8 8 8 8 8 8 8 8 8 8 8 8 8 8 8 8
0 8 0 8 1 8 0 0 0 0 0 8 0 0 0 8 0 0 0 8 0 0 0 8 0
0 8 0 8 7 8 8 8 0 8 8 8 0 8 8 8 0 8 8 8 0 8 8 8 8
0 0 0 8 0 0 0 8 0 0 0 8 0 8 0 8 0 0 0 8 0 8 0 8 0
0 8 8 8 0 8 8 8 0 8 8 8 0 8 0 8 0 8 8 8 0 8 0 8 0
0 8 0 0 0 0 0 8 0 8 0 8 0 8 0 0 0 8 0 0 0 8 0 8 0
0 8 8 8 0 8 8 8 0 8 0 8 0 8 0 8 8 8 8 8 0 8 0 8 0
0 8 0 0 0 8 0 0 0 0 0 8 0 0 0 8 0 8 0 0 0 0 0 0 0
0 8 8 8 0 8 8 8 8 8 0 8 0 8 8 8 0 8 8 8 8 8 0 8 8
0 8 0 8 0 8 0 8 0 8 0 0 0 8 0 8 0 0 0 8 0 8 0 8 0
0 8 0 8 0 8 0 8 0 8 0 8 8 8 0 8 0 8 8 8 0 8 0 8 0
0 0 0 8 0 8 0 8 0 0 0 0 0 0 0 0 0 0 0 8 0 0 0 0 0
8 8 0 8 0 8 0 8 0 8 8 8 8 8 0 8 8 8 8 8 0 8 8 8 0
0 0 0 0 0 0 0 0 0 0 0 0 0 8 0 0 0 0 0 0 0 0 0 8 0
8 8 0 8 0 8 0 8 8 8 0 8 8 8 8 8 8 8 0 8 0 8 8 8 0
0 0 0 8 0 8 0 0 0 8 0 0 0 0 0 0 0 8 0 8 0 8 0 0 0
8 8 8 8 8 8 8 8 8 8 8 8 8 8 8 8 8 8 8 8 8 8 8 8 8

output
8 8 8 8 8 8 8 8 8 8 8 8 8 8 8 8 8 8 8 8 8 8 8 8 8
1 8 1 8 1 8 1 7 1 7 1 8 1 7 1 8 1 7 1 8 1 7 1 8 0
7 8 7 8 7 8 8 8 7 8 8 8 7 8 8 8 7 8 8 8 7 8 8 8 8
1 7 1 8 1 7 1 8 1 7 1 8 1 8 1 8 1 7 1 8 1 8 1 8 1
7 8 8 8 7 8 8 8 7 8 8 8 7 8 7 8 7 8 8 8 7 8 7 8 7
1 8 1 7 1 7 1 8 1 8 1 8 1 8 1 7 1 8 1 7 1 8 1 8 1
7 8 8 8 7 8 8 8 7 8 7 8 7 8 7 8 8 8 8 8 7 8 7 8 7
1 8 1 7 1 8 1 7 1 7 1 8 1 7 1 8 1 8 1 7 1 7 1 7 1
7 8 8 8 7 8 8 8 8 8 7 8 7 8 8 8 7 8 8 8 8 8 7 8 8
1 8 1 8 1 8 1 8 1 8 1 7 1 8 1 8 1 7 1 8 1 8 1 8 1
7 8 7 8 7 8 7 8 7 8 7 8 8 8 7 8 7 8 8 8 7 8 7 8 7
1 7 1 8 1 8 1 8 1 7 1 7 1 7 1 7 1 7 1 8 1 7 1 7 1
8 8 7 8 7 8 7 8 7 8 8 8 8 8 7 8 8 8 8 8 7 8 8 8 7
1 7 1 7 1 7 1 7 1 7 1 7 1 8 1 7 1 7 1 7 1 7 1 8 1
8 8 7 8 7 8 7 8 8 8 7 8 8 8 8 8 8 8 7 8 7 8 8 8 7
1 7 1 8 1 8 1 7 1 8 1 7 1 7 1 7 1 8 1 8 1 8 1 7 1
8 8 8 8 8 8 8 8 8 8 8 8 8 8 8 8 8 8 8 8 8 8 8 8 8
