input
0 0 0 8 0 0 0 8 0 0 0 0 0 8
8 8 0 8 8 8 0 8 0 8 8 8 0 8
0 8 0 0 0 8 0 8 0 8 0 8 8 8
0 8 8 8 8 8 0 8 0 8 0 0 0 0
0 0 0 0 0 0 0 8 0 8 8 8 0 8
8 8 8 8 8 8 0 8 0 0 0 8 0 8
8 0 0 0 0 8 0 8 8 8 0 8 0 8
8 8 8 8 0 8 0 0 0 8 0 8 0 0
0 0 0 8 1 8 8 8 8 8 0 8 8 0
8 8 0 8 4 1 0 0 0 0 0 0 8 0
0 8 0 8 1 8 8 8 8 8 8 8 8 0
0 8 8 8 0 8 0 0 0 0 0 0 0 0
0 0 0 0 0 8 0 8 8 8 8 8 8 8

output
0 0 0 8 0 0 0 8 1 4 1 4 1 8
8 8 0 8 8 8 0 8 4 8 8 8 4 8
0 8 0 0 0 8 0 8 1 8 0 8 8 8
0 8 8 8 8 8 0 8 4 8 0 0 0 0
0 0 0 0 0 0 0 8 1 8 8 8 0 8
8 8 8 8 8 8 0 8 4 1 4 8 0 8
8 4 1 4 1 8 0 8 8 8 1 8 0 8
8 8 8 8 4 8 0 0 0 8 4 8 0 0
0 0 0 8 1 8 8 8 8 8 1 8 8 0
8 8 0 8 4 1 4 1 4 1 4 1 8 0
1 8 0 8 1 8 8 8 8 8 8 8 8 0
4 8 8 8 4 8 0 0 0 0 0 0 0 0
1 4 1 4 1 8 0 8 8 8 8 8 8 8
