input
8 8 8 8 8 8 8 8 8 8 8
0 0 0 0 0 0 0 8 0 8 0
8 8 8 8 0 8 8 8 0 8 8
0 8 0 0 0 8 0 0 0 8 0
0 8 8 8 0 8 8 8 0 8 0
0 0 0 0 0 0 0 0 0 0 0
8 8 8 8 0 8 8 8 0 8 8
0 0 0 0 0 8 0 0 0 0 0
8 8 8 8 0 8 8 8 0 8 8
0 0 0 0 0 8 0 8 0 8 0
0 8 0 8 8 8 0 8 0 8 0
0 8 0 8 0 0 0 8 0 0 0
0 8 0 8 8 8 0 8 8 8 0
0 8 0 8 3 8 0 0 0 0 0
8 8 8 8 2 8 8 8 8 8 0
0 8 0 8 0 0 0 8 0 8 0
0 8 0 8 0 8 8 8 0 8 0
0 0 0 0 0 0 0 8 0 8 0
8 8 8 8 0 8 8 8 0 8 0
0 0 0 8 0 8 0 8 0 0 0
8 8 0 8 0 8 8 8 8 8 8
0 0 0 0 0 8 0 8 0 8 0
8 8 8 8 0 8 0 8 0 8 0
0 8 0 0 0 0 0 0 0 0 0

output
8 8 8 8 8 8 8 8 8 8 8
0 0 0 0 0 0 0 8 0 8 0
8 8 8 8 0 8 8 8 0 8 8
0 8 0 0 0 8 0 0 0 8 0
0 8 8 8 0 8 8 8 0 8 0
0 0 0 0 0 0 0 0 0 0 0
8 8 8 8 0 8 8 8 0 8 8
0 0 0 0 0 8 0 0 0 0 0
8 8 8 8 0 8 8 8 0 8 8
0 0 0 0 0 8 0 8 0 8 0
0 8 0 8 8 8 0 8 0 8 0
0 8 0 8 0 0 0 8 0 0 0
0 8 0 8 8 8 0 8 8 8 0
0 8 0 8 3 8 0 0 0 0 0
8 8 8 8 2 8 8 8 8 8 0
3 8 3 8 3 2 3 8 0 8 0
2 8 2 8 2 8 8 8 0 8 0
3 2 3 2 3 2 3 8 0 8 0
8 8 8 8 2 8 8 8 0 8 0
3 2 3 8 3 8 0 8 0 0 0
8 8 2 8 2 8 8 8 8 8 8
3 2 3 2 3 8 3 8 3 8 3
8 8 8 8 2 8 2 8 2 8 2
0 8 3 2 3 2 3 2 3 2 3
