input
8 8 8 8 8 8 8 8 8 8 8 8
0 0 0 0 0 0 9 0 0 8 0 8
8 8 0 8 0 8 1 8 8 8 0 8
0 8 0 8 0 8 9 0 0 8 0 8
8 8 8 8 0 8 0 8 8 8 8 8
0 8 0 8 0 8 0 8 0 8 0 8
0 8 0 8 8 8 8 8 0 8 0 8
0 0 0 0 0 0 0 0 0 0 0 8
0 8 0 8 0 8 0 8 8 8 0 8
0 8 0 8 0 8 0 8 0 8 0 8
0 8 0 8 0 8 8 8 0 8 8 8
0 8 0 8 0 8 0 0 0 0 0 8
8 8 0 8 0 8 8 8 0 8 8 8
0 0 0 8 0 0 0 8 0 8 0 8
0 8 0 8 0 8 0 8 8 8 0 8
0 8 0 8 0 8 0 0 0 8 0 8
0 8 0 8 0 8 0 8 8 8 0 8
0 8 0 8 0 8 0 0 0 0 0 8
0 8 0 8 0 8 0 8 0 8 8 8
0 8 0 8 0 8 0 8 0 0 0 8
8 8 8 8 8 8 8 8 8 8 8 8

output
8 8 8 8 8 8 8 8 8 8 8 8
9 1 9 1 9 1 9 1 9 8 0 8
8 8 1 8 1 8 1 8 8 8 0 8
0 8 9 8 9 8 9 1 9 8 0 8
8 8 8 8 1 8 1 8 8 8 8 8
0 8 0 8 9 8 9 8 0 8 0 8
0 8 0 8 8 8 8 8 0 8 0 8
0 0 0 0 0 0 0 0 0 0 0 8
0 8 0 8 0 8 0 8 8 8 0 8
0 8 0 8 0 8 0 8 0 8 0 8
0 8 0 8 0 8 8 8 0 8 8 8
0 8 0 8 0 8 0 0 0 0 0 8
8 8 0 8 0 8 8 8 0 8 8 8
0 0 0 8 0 0 0 8 0 8 0 8
0 8 0 8 0 8 0 8 8 8 0 8
0 8 0 8 0 8 0 0 0 8 0 8
0 8 0 8 0 8 0 8 8 8 0 8
0 8 0 8 0 8 0 0 0 0 0 8
0 8 0 8 0 8 0 8 0 8 8 8
0 8 0 8 0 8 0 8 0 0 0 8
8 8 8 8 8 8 8 8 8 8 8 8
