input
8 8 8 8 8 8 8 8 8 8 8 8 8 8 8 8 8 8 8 8 8 8
8 0 0 0 8 0 8 0 0 0 0 0 0 0 0 0 0 0 0 0 0 0
8 0 8 8 8 8 8 8 8 0 8 8 8 0 8 8 8 8 8 8 8 8
8 0 0 0 8 0 0 0 0 0 0 0 8 0 0 0 0 0 0 0 8 0
8 0 8 8 8 8 8 8 8 0 8 8 8 8 8 0 8 0 8 8 8 0
8 0 8 0 8 0 0 0 0 0 0 0 0 0 8 0 8 0 0 0 8 0
8 0 8 0 8 8 8 0 8 0 8 0 8 8 8 8 8 0 8 8 8 8
8 0 0 0 8 0 0 0 8 0 8 0 0 0 0 0 8 0 8 1 8 0
8 8 8 0 8 8 8 0 8 8 8 0 8 8 8 8 8 8 8 2 8 0
8 0 0 0 0 0 0 0 0 0 8 0 0 0 8 0 8 0 0 0 0 0
8 0 8 0 8 0 8 0 8 8 8 0 8 8 8 8 8 0 8 8 8 8
8 0 8 0 8 0 8 0 0 0 8 0 8 0 0 0 0 0 0 0 0 0
8 8 8 0 8 8 8 0 8 0 8 8 8 0 8 8 8 0 8 0 8 0
8 0 0 0 0 0 8 0 8 0 8 0 0 0 0 0 8 0 8 0 8 0
8 0 8 0 8 8 8 8 8 8 8 0 8 0 8 8 8 8 8 8 8 0
8 0 8 0 8 0 8 0 8 0 0 0 8 0 0 0 8 0 0 0 0 0
8 0 8 8 8 8 8 0 8 8 8 0 8 0 8 8 8 8 8 0 8 0
8 0 0 0 0 0 8 0 0 0 0 0 8 0 8 0 0 0 0 0 8 0
8 0 8 8 8 8 8 0 8 8 8 0 8 8 8 0 8 8 8 0 8 0
8 0 0 0 8 0 8 0 8 0 8 0 8 0 0 0 8 0 0 0 8 0

output
8 8 8 8 8 8 8 8 8 8 8 8 8 8 8 8 8 8 8 8 8 8
8 0 0 0 8 0 8 0 0 0 0 0 0 0 0 0 0 0 0 0 0 0
8 0 8 8 8 8 8 8 8 0 8 8 8 0 8 8 8 8 8 8 8 8
8 0 0 0 8 0 0 0 0 0 0 0 8 0 0 0 0 0 0 0 8 0
8 0 8 8 8 8 8 8 8 0 8 8 8 8 8 0 8 0 8 8 8 0
8 0 8 0 8 0 0 0 0 0 0 0 0 0 8 0 8 0 0 0 8 0
8 0 8 0 8 8 8 0 8 0 8 0 8 8 8 8 8 0 8 8 8 8
8 0 0 0 8 0 0 0 8 0 8 0 0 0 0 0 8 0 8 1 8 1
8 8 8 0 8 8 8 0 8 8 8 0 8 8 8 8 8 8 8 2 8 2
8 0 0 0 0 0 0 0 0 0 8 0 0 0 8 0 8 1 2 1 2 1
8 0 8 0 8 0 8 0 8 8 8 0 8 8 8 8 8 2 8 8 8 8
8 0 8 0 8 0 8 0 0 0 8 0 8 1 2 1 2 1 2 1 2 1
8 8 8 0 8 8 8 0 8 0 8 8 8 2 8 8 8 2 8 2 8 2
8 0 0 0 0 0 8 0 8 0 8 1 2 1 2 1 8 1 8 1 8 1
8 0 8 0 8 8 8 8 8 8 8 2 8 2 8 8 8 8 8 8 8 2
8 0 8 0 8 0 8 1 8 1 2 1 8 1 2 1 8 1 2 1 2 1
8 0 8 8 8 8 8 2 8 8 8 2 8 2 8 8 8 8 8 2 8 2
8 0 0 0 0 0 8 1 2 1 2 1 8 1 8 1 2 1 2 1 8 1
8 0 8 8 8 8 8 2 8 8 8 2 8 8 8 2 8 8 8 2 8 2
8 0 0 0 8 0 8 1 8 0 8 1 8 1 2 1 8 1 2 1 8 1
