input
8 0 8 0 0 0 0 0 8 0 8 0 8 7 0 0 8 0 0 0
8 8 8 8 8 0 8 8 8 8 8 0 8 3 8 8 8 0 8 8
8 0 8 0 8 0 0 0 0 0 8 0 0 7 0 0 8 0 8 0
8 0 8 8 8 0 8 8 8 8 8 0 8 8 8 8 8 0 8 0
8 0 0 0 0 0 0 0 8 0 8 0 0 0 8 0 0 0 0 0
8 0 8 8 8 8 8 8 8 0 8 0 8 8 8 8 8 0 8 8
8 0 8 0 8 0 8 0 0 0 0 0 0 0 0 0 8 0 0 0
8 0 8 0 8 0 8 8 8 0 8 8 8 0 8 8 8 0 8 8
8 0 0 0 8 0 0 0 8 0 0 0 8 0 8 0 0 0 0 0
8 8 8 0 8 0 8 8 8 0 8 8 8 8 8 0 8 8 8 8
8 0 0 0 0 0 0 0 8 0 0 0 0 0 8 0 8 0 8 0
8 8 8 8 8 0 8 8 8 0 8 8 8 8 8 0 8 0 8 8
8 0 0 0 0 0 0 0 0 0 0 0 8 0 0 0 0 0 0 0
8 8 8 0 8 0 8 8 8 8 8 8 8 8 8 0 8 8 8 8
8 0 0 0 8 0 0 0 0 0 0 0 8 0 8 0 0 0 0 0
8 0 8 0 8 0 8 0 8 8 8 8 8 0 8 0 8 8 8 8
8 0 8 0 8 0 8 0 0 0 0 0 0 0 0 0 0 0 8 0

output
8 0 8 7 3 7 3 7 8 0 8 7 8 7 3 7 8 7 3 7
8 8 8 8 8 3 8 8 8 8 8 3 8 3 8 8 8 3 8 8
8 7 8 0 8 7 3 7 3 7 8 7 3 7 3 7 8 7 8 7
8 3 8 8 8 3 8 8 8 8 8 3 8 8 8 8 8 3 8 3
8 7 3 7 3 7 3 7 8 7 8 7 3 7 8 7 3 7 3 7
8 3 8 8 8 8 8 8 8 3 8 3 8 8 8 8 8 3 8 8
8 7 8 7 8 7 8 7 3 7 3 7 3 7 3 7 8 7 3 7
8 3 8 3 8 3 8 8 8 3 8 8 8 3 8 8 8 3 8 8
8 7 3 7 8 7 3 7 8 7 3 7 8 7 8 7 3 7 3 7
8 8 8 3 8 3 8 8 8 3 8 8 8 8 8 3 8 8 8 8
8 7 3 7 3 7 3 7 8 7 3 7 3 7 8 7 8 7 8 0
8 8 8 8 8 3 8 8 8 3 8 8 8 8 8 3 8 3 8 8
8 7 3 7 3 7 3 7 3 7 3 7 8 7 3 7 3 7 3 7
8 8 8 3 8 3 8 8 8 8 8 8 8 8 8 3 8 8 8 8
8 7 3 7 8 7 3 7 3 7 3 7 8 7 8 7 3 7 3 7
8 3 8 3 8 3 8 3 8 8 8 8 8 3 8 3 8 8 8 8
8 7 8 7 8 7 8 7 3 7 3 7 3 7 3 7 3 7 8 0
