input
8 8 8 8 8 8 8 8 8 8 8 8 8 8 8
8 0 0 0 0 0 8 0 0 4 8 0 0 0 8
8 0 8 8 8 8 8 8 8 3 8 0 8 8 8
8 0 8 0 8 0 8 0 0 4 0 0 0 0 8
8 0 8 0 8 0 8 8 8 8 8 0 8 8 8
8 0 0 0 0 0 0 0 8 0 0 0 0 0 8
8 0 8 8 8 8 8 0 8 8 8 0 8 0 8
8 0 8 0 8 0 0 0 0 0 8 0 8 0 8
8 8 8 0 8 8 8 8 8 0 8 8 8 0 8
8 0 8 0 8 0 8 0 0 0 0 0 0 0 8
8 0 8 0 8 0 8 8 8 0 8 8 8 0 8
8 0 0 0 8 0 0 0 8 0 8 0 0 0 8
8 0 8 8 8 0 8 8 8 8 8 8 8 0 8
8 0 8 0 8 0 8 0 0 0 8 0 8 0 8
8 0 8 0 8 0 8 0 8 8 8 0 8 8 8
8 0 0 0 0 0 0 0 0 0 8 0 0 0 8
8 8 8 0 8 8 8 0 8 8 8 0 8 8 8
8 0 0 0 0 0 8 0 0 0 8 0 0 0 8
8 8 8 0 8 8 8 8 8 8 8 0 8 0 8
8 0 0 0 0 0 0 0 8 0 8 0 8 0 8

output
8 8 8 8 8 8 8 8 8 8 8 8 8 8 8
8 4 3 4 3 4 8 4 3 4 8 4 3 4 8
8 3 8 8 8 8 8 8 8 3 8 3 8 8 8
8 4 8 4 8 4 8 4 3 4 3 4 3 4 8
8 3 8 3 8 3 8 8 8 8 8 3 8 8 8
8 4 3 4 3 4 3 4 8 4 3 4 3 4 8
8 3 8 8 8 8 8 3 8 8 8 3 8 3 8
8 4 8 0 8 4 3 4 3 4 8 4 8 4 8
8 8 8 0 8 8 8 8 8 3 8 8 8 3 8
8 0 8 0 8 0 8 4 3 4 3 4 3 4 8
8 0 8 0 8 0 8 8 8 3 8 8 8 3 8
8 0 0 0 8 0 0 0 8 4 8 4 3 4 8
8 0 8 8 8 0 8 8 8 8 8 8 8 3 8
8 0 8 0 8 0 8 0 0 0 8 0 8 4 8
8 0 8 0 8 0 8 0 8 8 8 0 8 8 8
8 0 0 0 0 0 0 0 0 0 8 0 0 0 8
8 8 8 0 8 8 8 0 8 8 8 0 8 8 8
8 0 0 0 0 0 8 0 0 0 8 0 0 0 8
8 8 8 0 8 8 8 8 8 8 8 0 8 0 8
8 0 0 0 0 0 0 0 8 0 8 0 8 0 8
