input
0 0 0 0 0 0 0 8 0 8 0 0 0
8 8 8 8 0 8 8 8 0 8 8 8 0
0 8 0 8 0 8 0 0 0 8 0 8 0
0 8 0 8 0 8 8 8 0 8 0 8 0
0 0 0 8 0 0 0 0 0 0 0 0 0
8 8 0 8 8 8 0 8 0 8 8 8 0
0 0 0 0 0 0 0 8 0 8 0 8 0
8 8 0 8 0 8 0 8 8 8 0 8 0
0 8 0 8 0 8 0 8 0 8 0 0 0
0 8 8 8 8 8 8 8 0 8 0 8 8
0 8 0 8 0 8 0 0 0 8 0 8 0
0 8 0 8 0 8 8 8 0 8 0 8 0
0 0 0 0 0 0 0 0 0 8 0 0 0
8 8 8 8 0 8 8 8 0 8 8 8 0
0 8 0 0 0 8 0 0 0 8 0 8 0
0 8 8 8 8 8 8 8 0 8 0 8 0
0 8 0 8 0 8 0 0 0 0 0 0 0
0 8 0 8 0 8 8 8 0 8 8 8 0
0 0 0 0 9 0 0 0 0 8 0 0 0
8 8 0 8 5 8 0 8 0 8 8 8 0
0 0 0 8 9 8 0 8 0 8 0 8 0
0 8 0 8 0 8 0 8 8 8 0 8 0
0 8 0 8 0 8 0 8 0 0 0 0 0
8 8 8 8 8 8 8 8 8 8 8 8 8

output
9 5 9 5 9 5 9 8 9 8 9 5 9
8 8 8 8 5 8 8 8 5 8 8 8 5
9 8 9 8 9 8 9 5 9 8 9 8 9
5 8 5 8 5 8 8 8 5 8 5 8 5
9 5 9 8 9 5 9 5 9 5 9 5 9
8 8 5 8 8 8 5 8 5 8 8 8 5
9 5 9 5 9 5 9 8 9 8 9 8 9
8 8 5 8 5 8 5 8 8 8 5 8 5
9 8 9 8 9 8 9 8 9 8 9 5 9
5 8 8 8 8 8 8 8 5 8 5 8 8
9 8 9 8 9 8 9 5 9 8 9 8 9
5 8 5 8 5 8 8 8 5 8 5 8 5
9 5 9 5 9 5 9 5 9 8 9 5 9
8 8 8 8 5 8 8 8 5 8 8 8 5
9 8 9 5 9 8 9 5 9 8 9 8 9
5 8 8 8 8 8 8 8 5 8 5 8 5
9 8 9 8 9 8 9 5 9 5 9 5 9
5 8 5 8 5 8 8 8 5 8 8 8 5
9 5 9 5 9 5 9 5 9 8 9 5 9
8 8 5 8 5 8 5 8 5 8 8 8 5
9 5 9 8 9 8 9 8 9 8 9 8 9
5 8 5 8 5 8 5 8 8 8 5 8 5
9 8 9 8 9 8 9 8 9 5 9 5 9
8 8 8 8 8 8 8 8 8 8 8 8 8
