input
0 8 0 8 0 0 0 0 0 0 0 0 0
8 8 0 8 0 8 8 8 0 8 0 8 0
0 8 0 0 0 0 0 8 0 8 0 8 0
0 8 0 8 8 8 8 8 0 8 0 8 8
0 0 0 0 0 8 0 8 0 8 1 0 0
0 8 8 8 8 8 0 8 8 8 5 8 8
0 0 0 0 0 8 0 0 0 0 1 0 0
0 8 8 8 8 8 8 8 0 8 0 8 0
0 0 0 0 0 8 0 8 0 8 0 8 0
0 8 8 8 8 8 0 8 8 8 0 8 8
0 8 0 8 0 8 0 0 0 8 0 0 0
0 8 0 8 0 8 0 8 8 8 0 8 8
0 0 0 0 0 8 0 0 0 8 0 0 0
8 8 0 8 8 8 0 8 8 8 0 8 8
0 0 0 8 0 0 0 0 0 8 0 0 0
8 8 0 8 8 8 0 8 8 8 0 8 0
0 0 0 0 0 0 0 0 0 8 0 8 0
8 8 0 8 0 8 0 8 8 8 8 8 0
0 0 0 8 0 8 0 8 0 0 0 0 0
8 8 8 8 8 8 8 8 8 8 8 8 8

output
0 8 1 8 1 5 1 5 1 5 1 5 1
8 8 5 8 5 8 8 8 5 8 5 8 5
1 8 1 5 1 5 1 8 1 8 1 8 1
5 8 5 8 8 8 8 8 5 8 5 8 8
1 5 1 5 1 8 1 8 1 8 1 5 1
5 8 8 8 8 8 5 8 8 8 5 8 8
1 5 1 5 1 8 1 5 1 5 1 5 1
5 8 8 8 8 8 8 8 5 8 5 8 5
1 5 1 5 1 8 1 8 1 8 1 8 1
5 8 8 8 8 8 5 8 8 8 5 8 8
1 8 1 8 1 8 1 5 1 8 1 5 1
5 8 5 8 5 8 5 8 8 8 5 8 8
1 5 1 5 1 8 1 5 1 8 1 5 1
8 8 5 8 8 8 5 8 8 8 5 8 8
1 5 1 8 1 5 1 5 1 8 1 5 1
8 8 5 8 8 8 5 8 8 8 5 8 5
1 5 1 5 1 5 1 5 1 8 1 8 1
8 8 5 8 5 8 5 8 8 8 8 8 5
1 5 1 8 1 8 1 8 1 5 1 5 1
8 8 8 8 8 8 8 8 8 8 8 8 8
