input
8 8 8 8 8 8 8 8 8 8 8 8 8 8 8 8 8 8 8 8 8 8
8 0 0 0 8 0 8 0 0 0 1 5 1 0 8 0 8 0 0 0 8 0
8 8 8 0 8 0 8 8 8 8 8 1 8 8 8 0 8 0 8 8 8 0
8 0 0 0 8 0 8 0 8 0 8 0 8 0 8 0 0 0 0 0 0 0
8 8 8 0 8 0 8 0 8 0 8 0 8 0 8 0 8 8 8 0 8 8
8 0 0 0 0 0 0 0 0 0 0 0 0 0 0 0 0 0 8 0 0 0
8 8 8 8 8 8 8 8 8 0 8 8 8 8 8 0 8 8 8 0 8 8
8 0 0 0 0 0 0 0 0 0 0 0 0 0 8 0 8 0 0 0 0 0
8 0 8 8 8 8 8 8 8 0 8 8 8 8 8 8 8 8 8 0 8 0
8 0 8 0 0 0 0 0 0 0 0 0 0 0 8 0 8 0 8 0 8 0

output
8 8 8 8 8 8 8 8 8 8 8 8 8 8 8 8 8 8 8 8 8 8
8 5 1 5 8 5 8 5 1 5 1 5 1 5 8 5 8 5 1 5 8 5
8 8 8 1 8 1 8 8 8 8 8 1 8 8 8 1 8 1 8 8 8 1
8 5 1 5 8 5 8 5 8 5 8 5 8 5 8 5 1 5 1 5 1 5
8 8 8 1 8 1 8 1 8 1 8 1 8 1 8 1 8 8 8 1 8 8
8 5 1 5 1 5 1 5 1 5 1 5 1 5 1 5 1 5 8 5 1 5
8 8 8 8 8 8 8 8 8 1 8 8 8 8 8 1 8 8 8 1 8 8
8 5 1 5 1 5 1 5 1 5 1 5 1 5 8 5 8 5 1 5 1 5
8 1 8 8 8 8 8 8 8 1 8 8 8 8 8 8 8 8 8 1 8 1
8 5 8 5 1 5 1 5 1 5 1 5 1 5 8 0 8 0 8 5 8 5
