input
8 0 0 0 0 0 0 0 0 0 0 0 0 0 0 0 0 0 8 0 8
8 0 8 0 8 8 8 8 8 8 8 0 8 0 8 0 8 8 8 0 8
8 0 8 0 0 0 0 0 8 0 8 0 8 0 8 0 0 0 8 0 8
8 0 8 8 8 0 8 8 8 0 8 8 8 8 8 0 8 8 8 8 8
8 7 0 0 8 0 0 0 0 0 0 0 8 0 0 0 0 0 0 0 8
8 9 8 0 8 0 8 0 8 8 8 8 8 0 8 8 8 8 8 8 8
8 7 8 0 8 0 8 0 0 0 8 0 0 0 8 0 8 0 0 0 8
8 8 8 8 8 0 8 0 8 8 8 8 8 8 8 0 8 0 8 8 8
8 0 0 0 8 0 8 0 0 0 8 0 8 0 0 0 8 0 8 0 8
8 0 8 8 8 8 8 0 8 0 8 8 8 8 8 0 8 0 8 0 8
8 0 8 0 8 0 0 0 8 0 0 0 8 0 8 0 0 0 0 0 8
8 8 8 0 8 8 8 0 8 8 8 8 8 0 8 0 8 8 8 0 8
8 0 0 0 0 0 0 0 0 0 0 0 0 0 0 0 0 0 8 0 8
8 8 8 0 8 0 8 0 8 0 8 0 8 0 8 0 8 8 8 0 8
8 0 0 0 8 0 8 0 8 0 8 0 8 0 8 0 8 0 0 0 8

output
8 7 9 7 9 7 9 7 9 7 9 7 9 7 9 7 9 7 8 0 8
8 9 8 9 8 8 8 8 8 8 8 9 8 9 8 9 8 8 8 0 8
8 7 8 7 9 7 9 7 8 7 8 7 8 7 8 7 9 7 8 0 8
8 9 8 8 8 9 8 8 8 9 8 8 8 8 8 9 8 8 8 8 8
8 7 9 7 8 7 9 7 9 7 9 7 8 7 9 7 9 7 9 7 8
8 9 8 9 8 9 8 9 8 8 8 8 8 9 8 8 8 8 8 8 8
8 7 8 7 8 7 8 7 9 7 8 7 9 7 8 7 8 7 9 7 8
8 8 8 8 8 9 8 9 8 8 8 8 8 8 8 9 8 9 8 8 8
8 0 0 0 8 7 8 7 9 7 8 0 8 7 9 7 8 7 8 7 8
8 0 8 8 8 8 8 9 8 9 8 8 8 8 8 9 8 9 8 9 8
8 0 8 7 8 7 9 7 8 7 9 7 8 7 8 7 9 7 9 7 8
8 8 8 9 8 8 8 9 8 8 8 8 8 9 8 9 8 8 8 9 8
8 7 9 7 9 7 9 7 9 7 9 7 9 7 9 7 9 7 8 7 8
8 8 8 9 8 9 8 9 8 9 8 9 8 9 8 9 8 8 8 9 8
8 7 9 7 8 7 8 7 8 7 8 7 8 7 8 7 8 7 9 7 8
