input
8 0 0 0 0 0 8 8 8 8 8 8 0 8 8 8 0 8 8 0 8 8 8 0
0 0 8 8 8 0 0 0 0 0 0 8 0 0 0 8 0 8 0 0 8 0 8 0
8 8 8 0 8 0 8 8 8 8 0 8 8 8 0 8 0 8 8 8 8 0 8 0
8 0 0 0 8 0 8 0 0 8 0 0 0 8 0 8 0 0 0 0 0 0 8 0
8 0 8 8 8 0 8 8 0 8 0 8 8 8 0 8 8 0 8 8 8 8 8 0
8 0 8 0 0 0 0 8 0 8 0 8 0 0 0 0 8 0 8 0 0 0 0 0
8 0 8 8 8 8 8 8 0 8 0 8 8 8 8 8 8 3 8 8 8 8 8 0
8 0 0 0 0 0 0 0 0 8 0 0 0 0 0 0 3 2 3 0 0 0 8 0
8 8 0 8 8 8 0 8 8 8 0 8 8 8 8 8 8 3 8 8 8 0 8 0
0 8 0 8 0 8 0 8 0 0 0 8 0 0 0 0 8 0 8 0 8 0 8 0
0 8 8 8 0 8 8 8 0 8 8 8 0 8 8 0 8 8 8 0 8 8 8 0

output
8 3 2 3 2 3 8 8 8 8 8 8 0 8 8 8 2 8 8 0 8 8 8 0
3 2 8 8 8 2 3 2 3 2 3 8 0 0 0 8 3 8 0 0 8 2 8 0
8 8 8 0 8 3 8 8 8 8 2 8 8 8 0 8 2 8 8 8 8 3 8 0
8 0 0 0 8 2 8 0 0 8 3 2 3 8 0 8 3 2 3 2 3 2 8 0
8 0 8 8 8 3 8 8 0 8 2 8 8 8 0 8 8 3 8 8 8 8 8 0
8 0 8 2 3 2 3 8 0 8 3 8 0 0 0 0 8 2 8 0 0 0 0 0
8 0 8 8 8 8 8 8 0 8 2 8 8 8 8 8 8 3 8 8 8 8 8 0
8 0 0 0 0 0 0 0 0 8 3 2 3 2 3 2 3 2 3 2 3 2 8 0
8 8 0 8 8 8 0 8 8 8 2 8 8 8 8 8 8 3 8 8 8 3 8 0
0 8 0 8 0 8 0 8 3 2 3 8 0 0 0 0 8 2 8 0 8 2 8 0
0 8 8 8 0 8 8 8 2 8 8 8 0 8 8 0 8 8 8 0 8 8 8 0
