input
0 0 0 0 0 0 0 0 0 0 0 8
8 8 0 8 8 8 0 8 8 8 8 8
0 0 0 8 0 0 0 8 0 8 0 8
0 8 0 8 0 8 8 8 0 8 0 8
0 8 0 8 0 8 0 0 0 8 0 8
0 8 8 8 0 8 8 8 0 8 0 8
0 0 0 8 0 8 0 0 0 0 0 8
0 8 8 8 8 8 8 8 8 8 0 8
0 8 0 8 0 8 0 0 0 0 0 8
8 8 0 8 8 8 8 8 8 8 8 8
0 8 7 0 0 8 0 8 0 8 0 8
0 8 4 8 8 8 8 8 0 8 0 8
0 0 7 0 0 8 0 0 0 0 0 8
8 8 0 8 8 8 8 8 0 8 8 8
0 8 0 8 0 8 0 0 0 0 0 8
0 8 0 8 0 8 8 8 0 8 8 8
0 8 0 8 0 8 0 8 0 8 0 8
0 8 0 8 0 8 0 8 8 8 8 8
0 0 0 0 0 0 0 0 0 8 0 8
0 8 0 8 0 8 0 8 8 8 0 8
0 8 0 8 0 8 0 0 0 0 0 8
0 8 8 8 8 8 0 8 8 8 0 8
0 8 0 0 0 0 0 0 0 8 0 8
8 8 0 8 0 8 0 8 8 8 0 8
0 8 0 8 0 8 0 8 0 0 0 8

output
0 0 0 0 0 0 0 0 0 0 0 8
8 8 0 8 8 8 0 8 8 8 8 8
0 0 0 8 0 0 0 8 0 8 0 8
0 8 0 8 0 8 8 8 0 8 0 8
0 8 0 8 0 8 0 0 0 8 0 8
0 8 8 8 0 8 8 8 0 8 0 8
0 0 0 8 0 8 0 0 0 0 0 8
0 8 8 8 8 8 8 8 8 8 0 8
0 8 7 8 0 8 0 0 0 0 0 8
8 8 4 8 8 8 8 8 8 8 8 8
7 8 7 4 7 8 0 8 0 8 0 8
4 8 4 8 8 8 8 8 0 8 0 8
7 4 7 4 7 8 0 0 0 0 0 8
8 8 4 8 8 8 8 8 0 8 8 8
7 8 7 8 7 8 0 0 0 0 0 8
4 8 4 8 4 8 8 8 0 8 8 8
7 8 7 8 7 8 7 8 0 8 0 8
4 8 4 8 4 8 4 8 8 8 8 8
7 4 7 4 7 4 7 4 7 8 7 8
4 8 4 8 4 8 4 8 8 8 4 8
7 8 7 8 7 8 7 4 7 4 7 8
4 8 8 8 8 8 4 8 8 8 4 8
7 8 7 4 7 4 7 4 7 8 7 8
8 8 4 8 4 8 4 8 8 8 4 8
0 8 7 8 7 8 7 8 7 4 7 8
