arc-gen 4
input    output    diff
11111111111111111111111    11111111111111111111111                           
11111111111111111111111    11111111111111111111111                           
11111111111111111111111    11111111111111111111111                           
11336111111111111111111    11336111111111111111111                           
11133111111111111111111    11133111111111111111111                           
11913111111111111111111    11913111111111111111111                           
11111111111111111111111    11111111111111111111111                           
11111111111199111111111    11111111111199113311111                    ^^     
11111111111199111111111    11111111111199113311111                    ^^     
11111111111111111111111    11111111111111333311111                  ^^^^     
11111111111111111111111    11111111111111333311111                  ^^^^     
11111111111111116611111    11111111111133336611111                ^^^^       
11111111111111116611111    11111111111133336611111                ^^^^       
11111111111111111111111    11111111111111111111111                           
11111111111111111111111    11111111111111111111111                           
11111111111111111111111    11111111111111111111111                           
11111111111111111111111    11111111111111111111111                           
11111111111111111111111    11111111111111111111111                           
11111111111111111111111    11111111111111111111111                           
11111111111111111111111    11111111111111111111111                           
11111111111111111111111    11111111111111111111111                           
11111111111111111111111    11111111111111111111111                           
11111111111111111111111    11111111111111111111111                           
