arc-gen 17
input    output    diff
222222222222222222222222    222222222222222222222222                            
222222222222222222225222    222222222222222222225222                            
222222222222222222442222    222222222222222222442222                            
222222222222222222342222    222222222222222222342222                            
222222222222222222222222    222222222222222222222222                            
222222222222222222222222    222222222222222222222222                            
222222222222222222222222    222222222222222222222222                            
222222222222222222222222    222222222222222222222222                            
222222222222222222222222    222222222222222222222222                            
222222222333222222222222    222222222333444222222222                ^^^         
222222222333222222222222    222222222333444222222222                ^^^         
222222222333222222222222    222222222333444222222222                ^^^         
222222222222222222222222    222222222444444222222222             ^^^^^^         
222222222222222222222222    222222222444444222222222             ^^^^^^         
222222222222222222222222    222222222444444222222222             ^^^^^^         
222222222222222555222222    222222222222222555222222                            
222222222222222555222222    222222222222222555222222                            
222222222222222555222222    222222222222222555222222                            
222222222222222222222222    222222222222222222222222                            
222222222222222222222222    222222222222222222222222                            
222222222222222222222222    222222222222222222222222                            
222222222222222222222222    222222222222222222222222                            
222222222222222222222222    222222222222222222222222                            
222222222222222222222222    222222222222222222222222                            
222222222222222222222222    222222222222222222222222                            
