arc-gen 9
input    output    diff
88888888888888888    88888888888888888                     
88888888888854888    88888888888854888                     
88888885888844888    88888885488844888            ^        
88888888888888688    88888884488888688           ^^        
88888888868888888    88888888868888888                     
88888888888888888    88888888888888888                     
88888888888888888    88888888888888888                     
88888888888888888    88888888888888888                     
88888888888888888    88888888888888888                     
88888888888888888    88888888888888888                     
88888888888888888    88888888888888888                     
88888888888888888    88888888888888888                     
88888888888888888    88888888888888888                     
88888888888888888    88888888888888888                     
88888888888888888    88888888888888888                     
88888888888888888    88888888888888888                     
88888888888888888    88888888888888888                     
88888888888888888    88888888888888888                     
