arc-gen 0
input    output    diff
11111111111111111111111    11111111111111111111111                           
11131111111111111111111    11135511111111111111111        ^^                 
11111111111111111111111    11151511111111111111111       ^ ^                 
11111811111111111111111    11155811111111111111111       ^^                  
11111111111111111111111    11111111111111111111111                           
11111111111111111111111    11111111111111111111111                           
11111111111111111111111    11111111111111111111111                           
11111111111111111111111    11111111111111111111111                           
11111111111111111111111    11111111111111111111111                           
11111111111111111111111    11111111111111111111111                           
11111111111111111111111    11111111111111111111111                           
11111111111111111111111    11111111111111111111111                           
11111111111185511111111    11111111111185511111111                           
11111111111151511111111    11111111111151511111111                           
11111111111155311111111    11111111111155311111111                           
11111111111111111111111    11111111111111111111111                           
11111111111111111111111    11111111111111111111111                           
11111111111111111111111    11111111111111111111111                           
11111111111111111111111    11111111111111111111111                           
11111111111111111111111    11111111111111111111111                           
11111111111111111111111    11111111111111111111111                           
11111111111111111111111    11111111111111111111111                           
