train 0
input    output    diff
1111111111111111111    1111111111111111111                       
1111111111111211111    1111111111111288111                  ^^   
1111111111111111111    1111111111111881111                 ^^    
1111111111111113111    1111111111111813111                 ^     
1111128811111111111    1111128811111111111                       
1111188111111111111    1111188111111111111                       
1111181311111111111    1111181311111111111                       
1111111111111111111    1111111111111111111                       
1111111111111111111    1111111111111111111                       
1111111111111111111    1111111111111111111                       
1111111111111111111    1111111111111111111                       
1111111112211111111    1111188882211111111         ^^^^          
1111111112211111111    1111188882211111111         ^^^^          
1111111111111111111    1111111888811111111           ^^^^        
1111111111111111111    1111111888811111111           ^^^^        
1111133111111111111    1111133118811111111             ^^        
1111133111111111111    1111133118811111111             ^^        
1111111111111111111    1111111111111111111                       
1111111111111111111    1111111111111111111                       
1111111111111111111    1111111111111111111                       
