arc-gen 7
input    output    diff
777777227777777777    779977227777777777      ^^              
777777227777777777    779977227777777777      ^^              
777777777777777777    777799777777777777        ^^            
777777777777777777    777799777777777777        ^^            
776677777777777777    776677997777777777          ^^          
776677777777777777    776677997777777777          ^^          
777777777777777777    777777777777777777                      
777777777777777777    777777777777777777                      
777777777777777777    777777777777777777                      
777777777777777777    777777777777777777                      
777277777777777777    777279777777777777         ^            
777777777777777777    777797777777777777        ^             
777776777777679777    777976777777679777       ^              
777777777777797777    777777777777797777                      
777777777777972777    777777777777972777                      
777777777777777777    777777777777777777                      
777777777777777777    777777777777777777                      
777777777777777777    777777777777777777                      
