arc-gen 19
input    output    diff
66666666666666666666666    66666666666666666666666                           
66666666666666666666666    66666666666666666666666                           
66666666666666666666666    66666666666666666666666                           
66666666666666666666666    66666666666666666666666                           
66666666666616566666666    66666666666616566666666                           
66666666666665666666666    66666666666665666666666                           
66666666666656366666666    66666666666656366666666                           
66666666666666666666666    66666666666666666666666                           
66666666666666666666666    66666666666666666666666                           
66666666666666666666666    66666666666666666666666                           
66666666663336666666666    66665556663336666666666        ^^^                
66666666663336666666666    66665556663336666666666        ^^^                
66666666663336666666666    66665556663336666666666        ^^^                
66666666666666666666666    66666665556666666666666           ^^^             
66666666666666666666666    66666665556666666666666           ^^^             
66666666666666666666666    66666665556666666666666           ^^^             
66661116666666666666666    66661116665556666666666              ^^^          
66661116666666666666666    66661116665556666666666              ^^^          
66661116666666666666666    66661116665556666666666              ^^^          
66666666666666666666666    66666666666666666666666                           
66666666666666666666666    66666666666666666666666                           
66666666666666666666666    66666666666666666666666                           
66666666666666666666666    66666666666666666666666                           
