arc-gen 13
input    output    diff
444444484744444    444444484744444                   
444444447744444    444444447744444                   
444444477144444    444444477144444                   
444444444444444    444444444444444                   
444444444444444    444444444444444                   
444444488444444    444444488447744               ^^  
444444488444444    444444488447744               ^^  
444444444444444    444444444777744             ^^^^  
444444444444444    444444444777744             ^^^^  
444444444441144    444444477771144           ^^^^    
444444444441144    444444477771144           ^^^^    
444444444444444    444444444444444                   
444444444444444    444444444444444                   
444444444444444    444444444444444                   
444444444444444    444444444444444                   
444444444444444    444444444444444                   
