arc-gen 2
input    output    diff
4444444444444444444444444    4444444444444444444444444                             
4444444444444444444444444    4444444444444444444444444                             
4444444444444444444444444    4444444444444444444444444                             
4444444444444444444444444    4444444444444444444444444                             
4444444444444444444444444    4444444444444444444444444                             
4444444444444444444444444    4444444444444444444444444                             
4444444444444444444444444    4444444444444444444444444                             
4444444444444444444444444    4444444444444444444444444                             
4444444444444444444444444    4444444444444444444444444                             
4444444444444444449144444    4444444444444444449144444                             
4444444444444444441144444    4444444444444444441144444                             
4444444444444444444474444    4444444444444444444474444                             
4444444444444444444444444    4444444444444444444444444                             
4444444444444444444444444    4444444444444444444444444                             
4444444444444444444444444    4444444444444444444444444                             
4444444444444444444444444    4444444444444444444444444                             
4444444477744444444444444    4444444477744444444444444                             
4444444477744444444444444    4444444477744444444444444                             
4444444477744444444444444    4444444477744444444444444                             
4444444444444444444444444    4411111144444444444444444      ^^^^^^                 
4444444444444444444444444    4411111144444444444444444      ^^^^^^                 
4444444444444444444444444    4411111144444444444444444      ^^^^^^                 
4499944444444444444444444    4499911144444444444444444         ^^^                 
4499944444444444444444444    4499911144444444444444444         ^^^                 
4499944444444444444444444    4499911144444444444444444         ^^^                 
4444444444444444444444444    4444444444444444444444444                             
