arc-gen 8
input    output    diff
1111111111111111111111111    1111111111111111111111111                             
1111111111111111111111111    1111111111111111111111111                             
1111111111111111111111111    1111111111111111111111111                             
1111111111111111111111111    1111111111111111111111111                             
1111111111111111111111111    1111111111111111111111111                             
1111111111111111111111111    1111111111111111111111111                             
1111111111111111111111111    1111111111111111111111111                             
1111111111111111111111111    1111111111111111111111111                             
1111111197111111111111111    1111111197111111111111111                             
1111111177711111111111111    1111111177711111111111111                             
1111111117611111111111111    1111111117611111111111111                             
1111111111111111111116611    1111111111111111111776611                       ^^    
1111111111111111111116611    1111111111111111111776611                       ^^    
1111111111111111111111111    1111111111111111177777711                     ^^^^^^  
1111111111111111111111111    1111111111111111177777711                     ^^^^^^  
1111111111111111199111111    1111111111111111199771111                       ^^    
1111111111111111199111111    1111111111111111199771111                       ^^    
1111111111111111111111111    1111111111111111111111111                             
1111111111111111111111111    1111111111111111111111111                             
1111111111111111111111111    1111111111111111111111111                             
1111111111111111111111111    1111111111111111111111111                             
1111111111111111111111111    1111111111111111111111111                             
1111111111111111111111111    1111111111111111111111111                             
1111111111111111111111111    1111111111111111111111111                             
1111111111111111111111111    1111111111111111111111111                             
1111111111111111111111111    1111111111111111111111111                             
