train 2
input    output    diff
8888888888888888888888    8888888888888888888888                          
8888888888888888888888    8888888888888888888888                          
8888888888888888888888    8888888888888888888888                          
8888888888888888888888    8888888888888888888888                          
8888888888888888888888    8888888888888888888888                          
8888882388888888888888    8888882388888888888888                          
8888883338888888888888    8888883338888888888888                          
8888888348888888888888    8888888348888888888888                          
8888888888888888888888    8888888888888888888888                          
8888888888888888888888    8888888888888888888888                          
8888888888888488888888    8888888888888438888888                  ^       
8888888888888888888888    8888888888888333888888                 ^^^      
8888888888888882888888    8888888888888832888888                  ^       
8888888888888888888888    8888888888888888888888                          
8888888288888888888888    8888883288888888888888          ^               
8888888888888888888888    8888833388888888888888         ^^^              
8888848888888888888888    8888843888888888888888          ^               
8888888888888888888888    8888888888888888888888                          
8888888888888888888888    8888888888888888888888                          
8888888888888888888888    8888888888888888888888                          
8888888888888888888888    8888888888888888888888                          
