arc-gen 11
input    output    diff
9999999999999999    9999999999999999                    
9999999999999999    9999999999999999                    
9999999999999999    9999999999999999                    
9999999999999999    9999999999999999                    
9999999999999999    9999999999999999                    
9999999999999999    9999999999999999                    
9999999999999999    9999999999999999                    
9999999999999999    9999999999999999                    
9999999992999999    9999999552999999           ^^       
9999999999999999    9999999595999999           ^ ^      
9999999699999999    9999999655999999            ^^      
9999999999999999    9999999999999999                    
9999999999999999    9999999999999999                    
9999995569999999    9999995569999999                    
9999995959999999    9999995959999999                    
9999992559999999    9999992559999999                    
9999999999999999    9999999999999999                    
