arc-gen 5
input    output    diff
3333333333333333333333333    3333333333333333333333333                             
3333333333333333333333333    3333333333333333333333333                             
3333333333333333366333333    3333333333333333366777733                       ^^^^  
3333333333333333366333333    3333333333333333366777733                       ^^^^  
3333333333333333333333333    3333333333333333377337733                     ^^  ^^  
3333333333333333333333333    3333333333333333377337733                     ^^  ^^  
3333333333333333333339933    3333333333333333377779933                     ^^^^    
3333333333333333333339933    3333333333333333377779933                     ^^^^    
3333333333333333333333333    3333333333333333333333333                             
3333333333333333333333333    3333333333333333333333333                             
3333333333333333333333333    3333333333333333333333333                             
3333333333333333333333333    3333333333333333333333333                             
3333333333333333333333333    3333333333333333333333333                             
3333333333333333333333333    3333333333333333333333333                             
3333333333333333333333333    3333333333333333333333333                             
3333333337793333333333333    3333333337793333333333333                             
3333333337373333333333333    3333333337373333333333333                             
3333333336773333333333333    3333333336773333333333333                             
3333333333333333333333333    3333333333333333333333333                             
3333333333333333333333333    3333333333333333333333333                             
3333333333333333333333333    3333333333333333333333333                             
3333333333333333333333333    3333333333333333333333333                             
3333333333333333333333333    3333333333333333333333333                             
3333333333333333333333333    3333333333333333333333333                             
