train 1
input    output    diff
444444444444444444444    444444444444444444444                         
444444444444444444444    444444444444444444444                         
444116444444444444444    444116444444444444444                         
444141444444444444444    444141444444444444444                         
444211444444444444444    444211444444444444444                         
444444444444444444444    444444444444444444444                         
444444444444444444444    444444444444444444444                         
444444444442224444444    444441111112224444444         ^^^^^^          
444444444442224444444    444441111112224444444         ^^^^^^          
444444444442224444444    444441111112224444444         ^^^^^^          
444444444444444444444    444441114441114444444         ^^^   ^^^       
444444444444444444444    444441114441114444444         ^^^   ^^^       
444444444444444444444    444441114441114444444         ^^^   ^^^       
444446664444444444444    444446661111114444444            ^^^^^^       
444446664444444444444    444446661111114444444            ^^^^^^       
444446664444444444444    444446661111114444444            ^^^^^^       
444444444444444444444    444444444444444444444                         
444444444444444444444    444444444444444444444                         
444444444444444444444    444444444444444444444                         
444444444444444444444    444444444444444444444                         
