arc-gen 3
input    output    diff
555585555555555    555585155555555          ^        
555555555555555    555551555555555         ^         
555555255555555    555515255555555        ^          
555555555555555    555555555555555                   
555555555555555    555555555555555                   
555555555555555    555555555555555                   
555555555555555    555555555555555                   
555555555555555    555555555555555                   
555555525155555    555555525155555                   
555555551555555    555555551555555                   
555555515855555    555555515855555                   
558555555555555    158555555555555    ^              
555555555555555    515555555555555     ^             
255555555555555    251555555555555      ^            
555555555555555    555555555555555                   
