arc-gen 6
input    output    diff
99999999999999999999    99999999999999999999                        
99999999999999999999    99999999999999999999                        
99999999999999999999    99999999999999999999                        
99999999999999999999    99999999999999999999                        
99999999999999999999    99999999999999999999                        
99999999999999999999    99999999999999999999                        
99999999999999999999    99999999999999999999                        
99999999999999999999    99999999999999999999                        
99999999999999999999    99999999999999999999                        
99111999999999914999    99111444999999914999         ^^^            
99111999999999944499    99111444999999944499         ^^^            
99111999999999994799    99111444999999994799         ^^^            
99999999999999999999    99444444444999999999      ^^^^^^^^^         
99999999999999999999    99444444444999999999      ^^^^^^^^^         
99999999999999999999    99444444444999999999      ^^^^^^^^^         
99999999777999999999    99999444777999999999         ^^^            
99999999777999999999    99999444777999999999         ^^^            
99999999777999999999    99999444777999999999         ^^^            
99999999999999999999    99999999999999999999                        
99999999999999999999    99999999999999999999                        
