arc-gen 16
input    output    diff
222222222222222222    222222222222222222                      
222222222222222222    222222222222222222                      
222222222222222222    222222222222222222                      
222222222222222222    222222222222222222                      
222222222222222222    222222222222222222                      
122222222222222222    123222222222222222      ^               
222222222222222222    232222222222222222     ^                
228222222222222222    328222222222222222    ^                 
222222222222222222    222222222222222222                      
222222222222222222    222222222222222222                      
222222222222222222    222222222222222222                      
222222222223282222    222222222223282222                      
222222222222322222    222222222222322222                      
222222222221232222    222222222221232222                      
222222222222222222    222222222222222222                      
222222222222222222    222222222222222222                      
222222222222222222    222222222222222222                      
