arc-gen 18
input    output    diff
3333333333333333333    3333333333333333333                       
3333399333333333333    3333399443333333333           ^^          
3333399333333333333    3333399443333333333           ^^          
3333333333333333333    3333344443333333333         ^^^^          
3333333333333333333    3333344443333333333         ^^^^          
3333333332233333333    3333333332233333333                       
3333333332233333333    3333333332233333333                       
3333333333333333333    3333333333333333333                       
2333333333333333333    2333333333333333333                       
3443333333333333333    3443333333333333333                       
3493333333333333333    3493333333333333333                       
3333333333333333333    3333333333333333333                       
3333333333333333333    3333333333333333333                       
3333333333333333333    3333333333333333333                       
3333333333333333333    3333333333333333333                       
3333333333333333333    3333333333333333333                       
3333333333333333333    3333333333333333333                       
3333333333333333333    3333333333333333333                       
3333333333333333333    3333333333333333333                       
