arc-gen 1
input    output    diff
5555555559585555    5555555559585555                    
5555255555885555    5555288555885555         ^^         
5555555558825555    5555885558825555        ^^          
5555559555555555    5555859555555555        ^           
5555555555555555    5555555555555555                    
5555555555555555    5555555555555555                    
5555555555555555    5555555555555555                    
5555555555555555    5555555555555555                    
5555555555555555    5555555555555555                    
5555555555555555    5555555555555555                    
5555555555555555    5555555555555555                    
5555555555555555    5555555555555555                    
5555555555555555    5555555555555555                    
5555555555555555    5555555555555555                    
5555555555555555    5555555555555555                    
5555555555555555    5555555555555555                    
