arc-gen 15
input    output    diff
8888888888888888888888888    8888888888888888888888888                             
8888888888888888888888888    8888888888888888888888888                             
8888888888888888888888888    8888888888888888888888888                             
8888888888888888888888888    8888888888888888888888888                             
8888888888888888888888888    8888888888888888888888888                             
8888888888888888888888888    8888888888888888888888888                             
8888888888888888888888888    8888888888888888888888888                             
8888888888888888888888888    8888888888888888888888888                             
8888888888888888888888888    8888888888888888888888888                             
8888888888888888888888888    8888888888888888888888888                             
8888888888888888888888888    8888888888888888888888888                             
8888888888888888888888888    8888888888888888888888888                             
8888888888888888855888888    8888888888888888855444488                       ^^^^  
8888888888888888855888888    8888888888888888855444488                       ^^^^  
8888888888888888888888888    8888888888888888844884488                     ^^  ^^  
8888888888888888888888888    8888888888888888844884488                     ^^  ^^  
8888888888888888888889988    8888888888888888844449988                     ^^^^    
8888888888888888888889988    8888888888888888844449988                     ^^^^    
8888888888888888888888888    8888888888888888888888888                             
8888888888888888888888888    8888888888888888888888888                             
8888888888888888884458888    8888888888888888884458888                             
8888888888888888884848888    8888888888888888884848888                             
8888888888888888889448888    8888888888888888889448888                             
8888888888888888888888888    8888888888888888888888888                             
8888888888888888888888888    8888888888888888888888888                             
8888888888888888888888888    8888888888888888888888888                             
