arc-gen 14
input    output    diff
5555555555555555555    5555555555555555555                       
5555567555555555555    5555567555555555555                       
5555666555555555555    5555666555555555555                       
5555965555555555555    5555965555555555555                       
5555555555555555555    5555555555555555555                       
5555555555555555555    5555555555555555555                       
5555555755555555555    5555555765555555555            ^          
5555555555555555555    5555555666555555555           ^^^         
5555555559555555555    5555555569555555555            ^          
5555555555555555555    5555555555555555555                       
5555555555555555555    5555555555555555555                       
5555555555555555555    5555555555555555555                       
5555555555555555555    5555555555555555555                       
5555555555555555555    5555555555555555555                       
5555555555555555555    5555555555555555555                       
5555555555555555555    5555555555555555555                       
5555555555555555555    5555555555555555555                       
5555555555555555555    5555555555555555555                       
5555555555555555555    5555555555555555555                       
