arc-gen 12
input    output    diff
55567555555555555555555    55567555555555555555555                           
55575755555555555555555    55575755555555555555555                           
55557955555555555555555    55557955555555555555555                           
55555555555555555555555    55555555555555555555555                           
55555555555555555555555    55555555555555555555555                           
55555555555555555555555    55555555555555555555555                           
55555555555555555555555    55555555555555555555555                           
55555555555555555555555    55555555555555555555555                           
55555555555555555555555    55555555555555555555555                           
55555555555555555555555    55555555555555555555555                           
55555555555555555555555    55555555555555555555555                           
55555555555555555555555    55555555555555555555555                           
55555555555555555555555    55555555555555555555555                           
55555555555555555555555    55555555555555555555555                           
55555555555555555555555    55555555555555555555555                           
55555555555555555555555    55555555555555555555555                           
55555555555555555555555    55555555555555555555555                           
55555555555555555555655    55555555555555555557655                       ^   
55555555555555555555555    55555555555555555575755                      ^ ^  
55555555555555555595555    55555555555555555597555                       ^   
55555555555555555555555    55555555555555555555555                           
55555555555555555555555    55555555555555555555555                           
55555555555555555555555    55555555555555555555555                           
55555555555555555555555    55555555555555555555555                           
